0.6166
0.6166
1.0
1.0
0.6166
0.6166
1.0
1.0
0.6166
0.6166
1.0
1.0
0.6166
0.6166
1.0
1.0
0.6166
0.6166
1.0
1.0
0.6166
0.6166
1.0
1.0
0.6166
0.6166
1.0
1.0
0.6166
0.6166
1.0
1.0
0.6166
0.6166
1.0
1.0
0.6166
0.6166
1.0
1.0
0.6166
0.6166
1.0
1.0
0.6166
0.6166
1.0
1.0
0.6166
0.6166
1.0
1.0
1.0
1.0
1.0
1.0
0.6166
0.6166
1.0
1.0
1.0
1.0
1.0
1.0
1.0
1.0
1.0
1.0
1.0
1.0
1.0
1.0
0.729
0.774
1.0
1.0
0.787
0.837
1.0
1.0
0.805
0.856
1.0
1.0
0.833
0.884
1.0
1.0
0.617
0.652
1.0
1.0
0.746
0.777
1.0
1.0
0.808
0.712
1.0
1.0
0.654
0.695
1.0
1.0
0.729
0.774
1.0
1.0
0.678
0.621
1.0
1.0
0.695
0.641
1.0
1.0
0.708
0.652
1.0
1.0
0.742
0.79
1.0
1.0
0.945
1.004
1.0
1.0
0.954
1.014
1.0
1.0
0.849
0.903
1.0
1.0
0.909
0.965
1.0
1.0
0.698
0.742
1.0
1.0
1.002
1.065
1.0
1.0
0.833
0.735
1.0
1.0
0.799
0.656
1.0
1.0
0.727
1.166
1.0
1.0
0.676
0.717
1.0
1.0
0.822
0.874
1.0
1.0
0.781
0.827
1.0
1.0
0.845
1.027
1.0
1.0
0.724
0.768
1.0
1.0
0.668
0.71
1.0
1.0
0.67
0.711
1.0
1.0
0.776
0.824
1.0
1.0
0.647
0.755
1.0
1.0
0.656
0.624
1.0
1.0
0.735
0.552
1.0
1.0
0.735
0.552
1.0
1.0
0.728
0.559
1.0
1.0
0.631
0.474
1.0
1.0
0.735
0.559
1.0
1.0
0.728
0.552
1.0
1.0
0.728
0.552
1.0
1.0
0.716
0.559
1.0
1.0
0.742
0.559
1.0
1.0
0.735
0.559
1.0
1.0
0.683
0.65
1.0
1.0
1.0
1.0
1.0
1.0
1.0
1.0
1.0
1.0
0.569
0.118
1.0
1.0
0.569
0.118
1.0
1.0
0.569
0.118
1.0
1.0
0.569
0.118
1.0
1.0
0.569
0.118
1.0
1.0
0.569
0.118
1.0
1.0
0.569
0.118
1.0
1.0
0.569
0.118
1.0
1.0
0.569
0.118
1.0
1.0
0.569
0.118
1.0
1.0
0.569
0.118
1.0
1.0
0.569
0.118
1.0
1.0
0.569
0.118
1.0
1.0
0.569
0.118
1.0
1.0
0.569
0.118
1.0
1.0
0.569
0.118
1.0
1.0
0.569
0.118
1.0
1.0
0.569
0.118
1.0
1.0
1.0
1.0
1.0
1.0
1.0
1.0
1.0
1.0
1.0
1.0
1.0
1.0
0.575
0.65
1.0
1.0
0.575
0.65
1.0
1.0
0.575
0.65
1.0
1.0
0.575
0.65
1.0
1.0
0.575
0.65
1.0
1.0
0.575
0.65
1.0
1.0
0.575
0.65
1.0
1.0
0.575
0.65
1.0
1.0
0.575
0.65
1.0
1.0
1.0
1.0
1.0
1.0
1.0
1.0
1.0
1.0
